3
4
4
5
5
7
10
11
11
14
20
23
28
38
39
44
45
45
46
48
49
54
54
62
65
76
77
81
84
91
92
94
95
97
98
100
100
102
102
104
106
109
110
111
114
117
117
117
118
121
121
123
128
128
130
140
141
146
148
148
150
155
159
171
173
175
176
177
179
181
182
182
183
185
191
193
193
195
196
199
200
202
206
209
212
213
213
214
226
232
245
248
249
250
252
256
260
260
262
262
263
264
267
268
268
268
271
272
279
280
285
285
288
291
294
304
304
306
308
309
310
316
319
322
326
327
327
328
329
330
333
333
333
336
340
340
345
345
347
347
354
355
359
360
361
362
363
365
365
367
367
372
376
377
379
380
382
384
385
385
389
390
391
397
397
399
401
401
402
404
405
406
407
409
409
412
413
415
419
419
428
430
430
434
441
448
450
452
457
464
470
477
477
478
481
483
492
494
497
502
507
508
511
513
514
517
521
524
533
533
538
539
540
544
545
547
550
553
557
558
560
561
563
567
568
570
572
572
573
575
576
583
584
585
589
591
591
592
594
608
609
613
613
617
617
624
631
632
632
638
639
646
646
647
650
652
654
655
659
661
664
664
665
667
670
675
675
685
692
693
693
702
703
712
717
725
735
735
735
736
737
738
740
741
746
748
750
754
759
760
761
761
763
766
771
772
779
781
786
787
789
793
794
795
796
798
801
801
802
805
810
812
816
818
821
822
825
826
827
831
831
835
836
844
857
861
863
864
866
869
877
884
884
891
892
894
905
906
906
907
908
911
916
919
920
921
923
924
928
939
946
947
947
947
947
955
963
966
967
967
978
980
981
983
985
987
987
997
999
