1
2
3
4
8
9
13
14
14
15
15
15
17
17
18
20
21
26
28
29
31
32
33
34
36
38
46
48
50
52
53
54
55
55
55
56
56
60
60
61
62
66
66
69
70
72
73
73
77
78
80
80
80
81
85
86
87
88
89
91
95
95
96
98
98
100
102
104
105
106
106
107
108
110
113
113
119
120
121
121
121
121
121
124
125
127
127
128
131
131
132
133
137
138
138
139
140
142
142
143
143
144
144
144
144
145
148
150
153
155
156
160
161
162
162
162
164
164
165
165
165
168
170
172
173
174
175
175
178
181
183
184
185
186
189
190
193
194
195
195
198
198
198
199
200
205
209
211
211
212
213
214
216
216
217
218
220
220
221
223
224
224
227
227
228
228
230
232
234
235
236
240
241
242
244
244
245
249
251
251
251
251
253
255
256
257
258
258
259
260
262
263
263
264
265
267
271
273
274
275
277
277
282
283
285
286
288
288
290
290
290
291
292
294
298
299
300
302
303
303
303
304
305
305
310
310
312
315
317
317
320
322
323
327
329
330
331
332
333
333
336
336
338
338
339
346
352
353
355
356
356
356
357
358
358
358
359
359
363
363
364
364
365
368
368
370
371
371
375
376
377
379
379
380
381
381
385
386
387
389
389
389
391
393
398
400
402
405
406
406
406
407
407
410
410
410
411
414
415
415
418
419
423
423
430
431
431
433
437
439
440
440
440
441
444
445
449
450
451
452
456
456
457
457
458
458
459
464
465
465
468
468
468
470
471
471
474
476
477
479
479
479
483
486
487
487
488
488
489
490
491
492
493
494
495
495
495
499
502
502
504
506
508
509
511
516
520
521
522
523
525
528
529
529
529
531
532
533
534
535
539
540
541
542
546
553
554
556
557
559
559
561
561
564
566
567
568
569
569
569
574
576
577
578
578
580
582
583
583
583
585
587
588
588
589
591
592
594
596
599
600
602
602
602
603
604
607
607
609
610
611
612
616
621
623
625
625
626
628
628
629
630
632
633
640
641
641
642
643
644
645
647
648
650
657
657
660
669
670
671
673
678
680
681
686
695
695
698
700
700
702
707
709
710
715
717
717
720
726
727
729
729
733
735
736
738
738
739
741
741
742
743
744
745
745
746
747
755
757
759
759
759
760
760
762
766
766
768
769
771
772
773
773
774
774
778
778
778
779
779
780
781
781
782
782
782
786
786
787
788
789
789
789
790
793
794
795
796
796
798
800
801
801
801
803
803
807
808
808
808
810
810
811
811
812
812
812
816
818
818
818
820
822
823
825
827
829
831
832
834
837
837
838
840
842
843
845
847
847
847
850
850
850
852
853
857
859
861
863
868
868
869
869
872
874
875
875
876
878
879
880
883
884
885
886
890
892
893
897
897
900
901
901
902
904
905
906
906
907
908
908
909
910
910
913
916
916
916
919
919
920
920
921
921
921
921
925
925
931
932
934
934
936
941
944
946
949
949
950
950
954
954
957
958
959
961
964
966
970
971
973
974
975
977
978
983
984
984
985
988
989
989
990
991
992
992
992
